
0.00200653
0.00556183
0.00231552
0.00648499
0.0041275
0.004879
0.0054512
0
0.00626373
0.00669861
0
0.00704193
0
0.00777435
0
0.00788116
0
0.0076561
0
0.00793839
0
0.00783157
0
0.00777817
0
0.00751114
0
0.00704193
0
0.00664139
0.00638199
0
0.00590897
0.00563812
0
0.00491714
0.00476456
0.00455093
0
0.00391388
0.00727463
0.00347137
0.00331116
0.00299835
0.00305557
0.00590134
0.00323486
0.00309753
0.00312805
0.00641251
0.00344467
0.00324249
0.00339508
0.00357819
0.00356674
0.00701904
0.00323105
0.00362778
0.00356674
0.00368118
0.00379181
0.00387192
0.00408936
0.00422668
0.00428772
0.00466919
0.00455475
0.00513458
0
0.00539017
0.00593948
0
0.00621033
0.00683212
0
0.00706863
0
0.00802994
0
0.00736237
0
0.00724411
0
0.00740433
0.00701904
0
0.00672531
0
0.00662613
0
0.00605774
0.00571442
0
0.00559235
0.00509644
0.00522232
0
0.00529861
0.00519943
0.00550079
0
0.0052681
0.00509644
0.00537491
0
0.00558472
0.00588989
0
0.0057869
0.0062027
0
0.00682449
0
0.00682831
0.007164
0
0.00786209
0
0.00799942
0
0.00881577
0
0.0087738
0
0
0.00909805
0
0.00947189
0
0.00911713
0
0
0.00862885
0
0.00852585
0
0.0080719
0
0.00760269
0
0.00708771
0
0.00735855
0
0.00720596
0
0.00778198
0
0.00811768
0
0.00865936
0
0.00865936
0
0.00893021
0
0.00928116
0
0
0.00940704
0
0.00918961
0
0.00844574
0
0
0.00892639
0
0.00871658
0
0.00839996
0
0.00882721
0
0
0.0088768
0
0.00905609
0
0.00996017
0
0
0.0103874
0
0.0102615
0
0
0.0101967
0
0.00951004
0
0
0.00912094
0
0.0087204
0
0.00786591
0
0.00704193
0
0.0067482
0
0.00621033
0
0.00554657
0.00535202
0.00522614
0
0.00475693
0.00458145
0.00473404
0.00434494
0.00452805
0
0.00514984
0.00473785
0.004673
0.0045166
0.00453949
0
0.00471497
0.00422668
0.00362396
0.00350571
0.00614166
0.00259781
0.0047493
0.00244522
0.00510406
0.00253296
0.00587845
0.00314713
0.003479
0.00353241
0.00387573
0.00334167
0.00675964
0.00314331
0.00321579
0.00347137
0.00323486
0.00676346
0.00376511
0.00361252
0.00407028
0.00421143
0.00393677
0.00357056
0.0039978
0.003582
0.00310516
0.00262833
0.00405884
0.00407028
0.0031929
0.00172806